# vlc cbp
cbp_size: con 512;
cbp_bits: con 9;
cbp_table:= array[] of {
	(0, UNDEF),
	(0, UNDEF),
	(9, 39),
	(9, 27),
	(9, 59),
	(9, 55),
	(9, 47),
	(9, 31),
	(8, 58),
	(8, 58),
	(8, 54),
	(8, 54),
	(8, 46),
	(8, 46),
	(8, 30),
	(8, 30),
	(8, 57),
	(8, 57),
	(8, 53),
	(8, 53),
	(8, 45),
	(8, 45),
	(8, 29),
	(8, 29),
	(8, 38),
	(8, 38),
	(8, 26),
	(8, 26),
	(8, 37),
	(8, 37),
	(8, 25),
	(8, 25),
	(8, 43),
	(8, 43),
	(8, 23),
	(8, 23),
	(8, 51),
	(8, 51),
	(8, 15),
	(8, 15),
	(8, 42),
	(8, 42),
	(8, 22),
	(8, 22),
	(8, 50),
	(8, 50),
	(8, 14),
	(8, 14),
	(8, 41),
	(8, 41),
	(8, 21),
	(8, 21),
	(8, 49),
	(8, 49),
	(8, 13),
	(8, 13),
	(8, 35),
	(8, 35),
	(8, 19),
	(8, 19),
	(8, 11),
	(8, 11),
	(8, 7),
	(8, 7),
	(7, 34),
	(7, 34),
	(7, 34),
	(7, 34),
	(7, 18),
	(7, 18),
	(7, 18),
	(7, 18),
	(7, 10),
	(7, 10),
	(7, 10),
	(7, 10),
	(7, 6),
	(7, 6),
	(7, 6),
	(7, 6),
	(7, 33),
	(7, 33),
	(7, 33),
	(7, 33),
	(7, 17),
	(7, 17),
	(7, 17),
	(7, 17),
	(7, 9),
	(7, 9),
	(7, 9),
	(7, 9),
	(7, 5),
	(7, 5),
	(7, 5),
	(7, 5),
	(6, 63),
	(6, 63),
	(6, 63),
	(6, 63),
	(6, 63),
	(6, 63),
	(6, 63),
	(6, 63),
	(6, 3),
	(6, 3),
	(6, 3),
	(6, 3),
	(6, 3),
	(6, 3),
	(6, 3),
	(6, 3),
	(6, 36),
	(6, 36),
	(6, 36),
	(6, 36),
	(6, 36),
	(6, 36),
	(6, 36),
	(6, 36),
	(6, 24),
	(6, 24),
	(6, 24),
	(6, 24),
	(6, 24),
	(6, 24),
	(6, 24),
	(6, 24),
	(5, 62),
	(5, 62),
	(5, 62),
	(5, 62),
	(5, 62),
	(5, 62),
	(5, 62),
	(5, 62),
	(5, 62),
	(5, 62),
	(5, 62),
	(5, 62),
	(5, 62),
	(5, 62),
	(5, 62),
	(5, 62),
	(5, 2),
	(5, 2),
	(5, 2),
	(5, 2),
	(5, 2),
	(5, 2),
	(5, 2),
	(5, 2),
	(5, 2),
	(5, 2),
	(5, 2),
	(5, 2),
	(5, 2),
	(5, 2),
	(5, 2),
	(5, 2),
	(5, 61),
	(5, 61),
	(5, 61),
	(5, 61),
	(5, 61),
	(5, 61),
	(5, 61),
	(5, 61),
	(5, 61),
	(5, 61),
	(5, 61),
	(5, 61),
	(5, 61),
	(5, 61),
	(5, 61),
	(5, 61),
	(5, 1),
	(5, 1),
	(5, 1),
	(5, 1),
	(5, 1),
	(5, 1),
	(5, 1),
	(5, 1),
	(5, 1),
	(5, 1),
	(5, 1),
	(5, 1),
	(5, 1),
	(5, 1),
	(5, 1),
	(5, 1),
	(5, 56),
	(5, 56),
	(5, 56),
	(5, 56),
	(5, 56),
	(5, 56),
	(5, 56),
	(5, 56),
	(5, 56),
	(5, 56),
	(5, 56),
	(5, 56),
	(5, 56),
	(5, 56),
	(5, 56),
	(5, 56),
	(5, 52),
	(5, 52),
	(5, 52),
	(5, 52),
	(5, 52),
	(5, 52),
	(5, 52),
	(5, 52),
	(5, 52),
	(5, 52),
	(5, 52),
	(5, 52),
	(5, 52),
	(5, 52),
	(5, 52),
	(5, 52),
	(5, 44),
	(5, 44),
	(5, 44),
	(5, 44),
	(5, 44),
	(5, 44),
	(5, 44),
	(5, 44),
	(5, 44),
	(5, 44),
	(5, 44),
	(5, 44),
	(5, 44),
	(5, 44),
	(5, 44),
	(5, 44),
	(5, 28),
	(5, 28),
	(5, 28),
	(5, 28),
	(5, 28),
	(5, 28),
	(5, 28),
	(5, 28),
	(5, 28),
	(5, 28),
	(5, 28),
	(5, 28),
	(5, 28),
	(5, 28),
	(5, 28),
	(5, 28),
	(5, 40),
	(5, 40),
	(5, 40),
	(5, 40),
	(5, 40),
	(5, 40),
	(5, 40),
	(5, 40),
	(5, 40),
	(5, 40),
	(5, 40),
	(5, 40),
	(5, 40),
	(5, 40),
	(5, 40),
	(5, 40),
	(5, 20),
	(5, 20),
	(5, 20),
	(5, 20),
	(5, 20),
	(5, 20),
	(5, 20),
	(5, 20),
	(5, 20),
	(5, 20),
	(5, 20),
	(5, 20),
	(5, 20),
	(5, 20),
	(5, 20),
	(5, 20),
	(5, 48),
	(5, 48),
	(5, 48),
	(5, 48),
	(5, 48),
	(5, 48),
	(5, 48),
	(5, 48),
	(5, 48),
	(5, 48),
	(5, 48),
	(5, 48),
	(5, 48),
	(5, 48),
	(5, 48),
	(5, 48),
	(5, 12),
	(5, 12),
	(5, 12),
	(5, 12),
	(5, 12),
	(5, 12),
	(5, 12),
	(5, 12),
	(5, 12),
	(5, 12),
	(5, 12),
	(5, 12),
	(5, 12),
	(5, 12),
	(5, 12),
	(5, 12),
	(4, 32),
	(4, 32),
	(4, 32),
	(4, 32),
	(4, 32),
	(4, 32),
	(4, 32),
	(4, 32),
	(4, 32),
	(4, 32),
	(4, 32),
	(4, 32),
	(4, 32),
	(4, 32),
	(4, 32),
	(4, 32),
	(4, 32),
	(4, 32),
	(4, 32),
	(4, 32),
	(4, 32),
	(4, 32),
	(4, 32),
	(4, 32),
	(4, 32),
	(4, 32),
	(4, 32),
	(4, 32),
	(4, 32),
	(4, 32),
	(4, 32),
	(4, 32),
	(4, 16),
	(4, 16),
	(4, 16),
	(4, 16),
	(4, 16),
	(4, 16),
	(4, 16),
	(4, 16),
	(4, 16),
	(4, 16),
	(4, 16),
	(4, 16),
	(4, 16),
	(4, 16),
	(4, 16),
	(4, 16),
	(4, 16),
	(4, 16),
	(4, 16),
	(4, 16),
	(4, 16),
	(4, 16),
	(4, 16),
	(4, 16),
	(4, 16),
	(4, 16),
	(4, 16),
	(4, 16),
	(4, 16),
	(4, 16),
	(4, 16),
	(4, 16),
	(4, 8),
	(4, 8),
	(4, 8),
	(4, 8),
	(4, 8),
	(4, 8),
	(4, 8),
	(4, 8),
	(4, 8),
	(4, 8),
	(4, 8),
	(4, 8),
	(4, 8),
	(4, 8),
	(4, 8),
	(4, 8),
	(4, 8),
	(4, 8),
	(4, 8),
	(4, 8),
	(4, 8),
	(4, 8),
	(4, 8),
	(4, 8),
	(4, 8),
	(4, 8),
	(4, 8),
	(4, 8),
	(4, 8),
	(4, 8),
	(4, 8),
	(4, 8),
	(4, 4),
	(4, 4),
	(4, 4),
	(4, 4),
	(4, 4),
	(4, 4),
	(4, 4),
	(4, 4),
	(4, 4),
	(4, 4),
	(4, 4),
	(4, 4),
	(4, 4),
	(4, 4),
	(4, 4),
	(4, 4),
	(4, 4),
	(4, 4),
	(4, 4),
	(4, 4),
	(4, 4),
	(4, 4),
	(4, 4),
	(4, 4),
	(4, 4),
	(4, 4),
	(4, 4),
	(4, 4),
	(4, 4),
	(4, 4),
	(4, 4),
	(4, 4),
	(3, 60),
	(3, 60),
	(3, 60),
	(3, 60),
	(3, 60),
	(3, 60),
	(3, 60),
	(3, 60),
	(3, 60),
	(3, 60),
	(3, 60),
	(3, 60),
	(3, 60),
	(3, 60),
	(3, 60),
	(3, 60),
	(3, 60),
	(3, 60),
	(3, 60),
	(3, 60),
	(3, 60),
	(3, 60),
	(3, 60),
	(3, 60),
	(3, 60),
	(3, 60),
	(3, 60),
	(3, 60),
	(3, 60),
	(3, 60),
	(3, 60),
	(3, 60),
	(3, 60),
	(3, 60),
	(3, 60),
	(3, 60),
	(3, 60),
	(3, 60),
	(3, 60),
	(3, 60),
	(3, 60),
	(3, 60),
	(3, 60),
	(3, 60),
	(3, 60),
	(3, 60),
	(3, 60),
	(3, 60),
	(3, 60),
	(3, 60),
	(3, 60),
	(3, 60),
	(3, 60),
	(3, 60),
	(3, 60),
	(3, 60),
	(3, 60),
	(3, 60),
	(3, 60),
	(3, 60),
	(3, 60),
	(3, 60),
	(3, 60),
	(3, 60),
};
