# vlc -c rl0f
rl0f_size: con 512;
rl0f_bits: con 9;
rl0f_table:= array[] of {
	(9, 0,C0),
	(9, 0,C1),
	(9, 0,C2),
	(9, 0,C3),
	(9, 0,C4),
	(9, 0,C5),
	(9, 0,C6),
	(9, 0,C7),
	(6, 0,ESC),
	(6, 0,ESC),
	(6, 0,ESC),
	(6, 0,ESC),
	(6, 0,ESC),
	(6, 0,ESC),
	(6, 0,ESC),
	(6, 0,ESC),
	(8, 2,2),
	(8, 2,2),
	(8, -2,2),
	(8, -2,2),
	(8, 1,9),
	(8, 1,9),
	(8, -1,9),
	(8, -1,9),
	(8, 4,0),
	(8, 4,0),
	(8, -4,0),
	(8, -4,0),
	(8, 1,8),
	(8, 1,8),
	(8, -1,8),
	(8, -1,8),
	(7, 1,7),
	(7, 1,7),
	(7, 1,7),
	(7, 1,7),
	(7, -1,7),
	(7, -1,7),
	(7, -1,7),
	(7, -1,7),
	(7, 1,6),
	(7, 1,6),
	(7, 1,6),
	(7, 1,6),
	(7, -1,6),
	(7, -1,6),
	(7, -1,6),
	(7, -1,6),
	(7, 2,1),
	(7, 2,1),
	(7, 2,1),
	(7, 2,1),
	(7, -2,1),
	(7, -2,1),
	(7, -2,1),
	(7, -2,1),
	(7, 1,5),
	(7, 1,5),
	(7, 1,5),
	(7, 1,5),
	(7, -1,5),
	(7, -1,5),
	(7, -1,5),
	(7, -1,5),
	(9, 1,13),
	(9, -1,13),
	(9, 6,0),
	(9, -6,0),
	(9, 1,12),
	(9, -1,12),
	(9, 1,11),
	(9, -1,11),
	(9, 2,3),
	(9, -2,3),
	(9, 3,1),
	(9, -3,1),
	(9, 5,0),
	(9, -5,0),
	(9, 1,10),
	(9, -1,10),
	(6, 3,0),
	(6, 3,0),
	(6, 3,0),
	(6, 3,0),
	(6, 3,0),
	(6, 3,0),
	(6, 3,0),
	(6, 3,0),
	(6, -3,0),
	(6, -3,0),
	(6, -3,0),
	(6, -3,0),
	(6, -3,0),
	(6, -3,0),
	(6, -3,0),
	(6, -3,0),
	(6, 1,4),
	(6, 1,4),
	(6, 1,4),
	(6, 1,4),
	(6, 1,4),
	(6, 1,4),
	(6, 1,4),
	(6, 1,4),
	(6, -1,4),
	(6, -1,4),
	(6, -1,4),
	(6, -1,4),
	(6, -1,4),
	(6, -1,4),
	(6, -1,4),
	(6, -1,4),
	(6, 1,3),
	(6, 1,3),
	(6, 1,3),
	(6, 1,3),
	(6, 1,3),
	(6, 1,3),
	(6, 1,3),
	(6, 1,3),
	(6, -1,3),
	(6, -1,3),
	(6, -1,3),
	(6, -1,3),
	(6, -1,3),
	(6, -1,3),
	(6, -1,3),
	(6, -1,3),
	(5, 2,0),
	(5, 2,0),
	(5, 2,0),
	(5, 2,0),
	(5, 2,0),
	(5, 2,0),
	(5, 2,0),
	(5, 2,0),
	(5, 2,0),
	(5, 2,0),
	(5, 2,0),
	(5, 2,0),
	(5, 2,0),
	(5, 2,0),
	(5, 2,0),
	(5, 2,0),
	(5, -2,0),
	(5, -2,0),
	(5, -2,0),
	(5, -2,0),
	(5, -2,0),
	(5, -2,0),
	(5, -2,0),
	(5, -2,0),
	(5, -2,0),
	(5, -2,0),
	(5, -2,0),
	(5, -2,0),
	(5, -2,0),
	(5, -2,0),
	(5, -2,0),
	(5, -2,0),
	(5, 1,2),
	(5, 1,2),
	(5, 1,2),
	(5, 1,2),
	(5, 1,2),
	(5, 1,2),
	(5, 1,2),
	(5, 1,2),
	(5, 1,2),
	(5, 1,2),
	(5, 1,2),
	(5, 1,2),
	(5, 1,2),
	(5, 1,2),
	(5, 1,2),
	(5, 1,2),
	(5, -1,2),
	(5, -1,2),
	(5, -1,2),
	(5, -1,2),
	(5, -1,2),
	(5, -1,2),
	(5, -1,2),
	(5, -1,2),
	(5, -1,2),
	(5, -1,2),
	(5, -1,2),
	(5, -1,2),
	(5, -1,2),
	(5, -1,2),
	(5, -1,2),
	(5, -1,2),
	(4, 1,1),
	(4, 1,1),
	(4, 1,1),
	(4, 1,1),
	(4, 1,1),
	(4, 1,1),
	(4, 1,1),
	(4, 1,1),
	(4, 1,1),
	(4, 1,1),
	(4, 1,1),
	(4, 1,1),
	(4, 1,1),
	(4, 1,1),
	(4, 1,1),
	(4, 1,1),
	(4, 1,1),
	(4, 1,1),
	(4, 1,1),
	(4, 1,1),
	(4, 1,1),
	(4, 1,1),
	(4, 1,1),
	(4, 1,1),
	(4, 1,1),
	(4, 1,1),
	(4, 1,1),
	(4, 1,1),
	(4, 1,1),
	(4, 1,1),
	(4, 1,1),
	(4, 1,1),
	(4, -1,1),
	(4, -1,1),
	(4, -1,1),
	(4, -1,1),
	(4, -1,1),
	(4, -1,1),
	(4, -1,1),
	(4, -1,1),
	(4, -1,1),
	(4, -1,1),
	(4, -1,1),
	(4, -1,1),
	(4, -1,1),
	(4, -1,1),
	(4, -1,1),
	(4, -1,1),
	(4, -1,1),
	(4, -1,1),
	(4, -1,1),
	(4, -1,1),
	(4, -1,1),
	(4, -1,1),
	(4, -1,1),
	(4, -1,1),
	(4, -1,1),
	(4, -1,1),
	(4, -1,1),
	(4, -1,1),
	(4, -1,1),
	(4, -1,1),
	(4, -1,1),
	(4, -1,1),
	(2, 1,0),
	(2, 1,0),
	(2, 1,0),
	(2, 1,0),
	(2, 1,0),
	(2, 1,0),
	(2, 1,0),
	(2, 1,0),
	(2, 1,0),
	(2, 1,0),
	(2, 1,0),
	(2, 1,0),
	(2, 1,0),
	(2, 1,0),
	(2, 1,0),
	(2, 1,0),
	(2, 1,0),
	(2, 1,0),
	(2, 1,0),
	(2, 1,0),
	(2, 1,0),
	(2, 1,0),
	(2, 1,0),
	(2, 1,0),
	(2, 1,0),
	(2, 1,0),
	(2, 1,0),
	(2, 1,0),
	(2, 1,0),
	(2, 1,0),
	(2, 1,0),
	(2, 1,0),
	(2, 1,0),
	(2, 1,0),
	(2, 1,0),
	(2, 1,0),
	(2, 1,0),
	(2, 1,0),
	(2, 1,0),
	(2, 1,0),
	(2, 1,0),
	(2, 1,0),
	(2, 1,0),
	(2, 1,0),
	(2, 1,0),
	(2, 1,0),
	(2, 1,0),
	(2, 1,0),
	(2, 1,0),
	(2, 1,0),
	(2, 1,0),
	(2, 1,0),
	(2, 1,0),
	(2, 1,0),
	(2, 1,0),
	(2, 1,0),
	(2, 1,0),
	(2, 1,0),
	(2, 1,0),
	(2, 1,0),
	(2, 1,0),
	(2, 1,0),
	(2, 1,0),
	(2, 1,0),
	(2, 1,0),
	(2, 1,0),
	(2, 1,0),
	(2, 1,0),
	(2, 1,0),
	(2, 1,0),
	(2, 1,0),
	(2, 1,0),
	(2, 1,0),
	(2, 1,0),
	(2, 1,0),
	(2, 1,0),
	(2, 1,0),
	(2, 1,0),
	(2, 1,0),
	(2, 1,0),
	(2, 1,0),
	(2, 1,0),
	(2, 1,0),
	(2, 1,0),
	(2, 1,0),
	(2, 1,0),
	(2, 1,0),
	(2, 1,0),
	(2, 1,0),
	(2, 1,0),
	(2, 1,0),
	(2, 1,0),
	(2, 1,0),
	(2, 1,0),
	(2, 1,0),
	(2, 1,0),
	(2, 1,0),
	(2, 1,0),
	(2, 1,0),
	(2, 1,0),
	(2, 1,0),
	(2, 1,0),
	(2, 1,0),
	(2, 1,0),
	(2, 1,0),
	(2, 1,0),
	(2, 1,0),
	(2, 1,0),
	(2, 1,0),
	(2, 1,0),
	(2, 1,0),
	(2, 1,0),
	(2, 1,0),
	(2, 1,0),
	(2, 1,0),
	(2, 1,0),
	(2, 1,0),
	(2, 1,0),
	(2, 1,0),
	(2, 1,0),
	(2, 1,0),
	(2, 1,0),
	(2, 1,0),
	(2, 1,0),
	(2, 1,0),
	(2, 1,0),
	(2, 1,0),
	(2, 1,0),
	(2, -1,0),
	(2, -1,0),
	(2, -1,0),
	(2, -1,0),
	(2, -1,0),
	(2, -1,0),
	(2, -1,0),
	(2, -1,0),
	(2, -1,0),
	(2, -1,0),
	(2, -1,0),
	(2, -1,0),
	(2, -1,0),
	(2, -1,0),
	(2, -1,0),
	(2, -1,0),
	(2, -1,0),
	(2, -1,0),
	(2, -1,0),
	(2, -1,0),
	(2, -1,0),
	(2, -1,0),
	(2, -1,0),
	(2, -1,0),
	(2, -1,0),
	(2, -1,0),
	(2, -1,0),
	(2, -1,0),
	(2, -1,0),
	(2, -1,0),
	(2, -1,0),
	(2, -1,0),
	(2, -1,0),
	(2, -1,0),
	(2, -1,0),
	(2, -1,0),
	(2, -1,0),
	(2, -1,0),
	(2, -1,0),
	(2, -1,0),
	(2, -1,0),
	(2, -1,0),
	(2, -1,0),
	(2, -1,0),
	(2, -1,0),
	(2, -1,0),
	(2, -1,0),
	(2, -1,0),
	(2, -1,0),
	(2, -1,0),
	(2, -1,0),
	(2, -1,0),
	(2, -1,0),
	(2, -1,0),
	(2, -1,0),
	(2, -1,0),
	(2, -1,0),
	(2, -1,0),
	(2, -1,0),
	(2, -1,0),
	(2, -1,0),
	(2, -1,0),
	(2, -1,0),
	(2, -1,0),
	(2, -1,0),
	(2, -1,0),
	(2, -1,0),
	(2, -1,0),
	(2, -1,0),
	(2, -1,0),
	(2, -1,0),
	(2, -1,0),
	(2, -1,0),
	(2, -1,0),
	(2, -1,0),
	(2, -1,0),
	(2, -1,0),
	(2, -1,0),
	(2, -1,0),
	(2, -1,0),
	(2, -1,0),
	(2, -1,0),
	(2, -1,0),
	(2, -1,0),
	(2, -1,0),
	(2, -1,0),
	(2, -1,0),
	(2, -1,0),
	(2, -1,0),
	(2, -1,0),
	(2, -1,0),
	(2, -1,0),
	(2, -1,0),
	(2, -1,0),
	(2, -1,0),
	(2, -1,0),
	(2, -1,0),
	(2, -1,0),
	(2, -1,0),
	(2, -1,0),
	(2, -1,0),
	(2, -1,0),
	(2, -1,0),
	(2, -1,0),
	(2, -1,0),
	(2, -1,0),
	(2, -1,0),
	(2, -1,0),
	(2, -1,0),
	(2, -1,0),
	(2, -1,0),
	(2, -1,0),
	(2, -1,0),
	(2, -1,0),
	(2, -1,0),
	(2, -1,0),
	(2, -1,0),
	(2, -1,0),
	(2, -1,0),
	(2, -1,0),
	(2, -1,0),
	(2, -1,0),
	(2, -1,0),
	(2, -1,0),
	(2, -1,0),
	(2, -1,0),
	(2, -1,0),
	(2, -1,0),
};
