MSK 10800 MSD 14400
638330400 657079200 670384800 688528800 701834400 719978400
733284000 752032800 764733600 783482400 796183200 814932000
828237600 846381600 859687200 877831200 891136800 909280800
922586400 941335200 954036000 972784800 985485600 1004234400
1017540000 1035684000 1048989600 1067133600 1080439200 1099188000
1111888800 1130637600 1143338400 1162087200 1174788000 1193536800
1206842400 1224986400 1238292000 1256436000 1269741600 1288490400
1301191200 1319940000 1332640800 1351389600 1364695200 1382839200
1396144800 1414288800 1427594400 1445738400 1459044000 1477792800
1490493600 1509242400 1521943200 1540692000 1553997600 1572141600
1585447200 1603591200 1616896800 1635645600 1648346400 
